H=[1 0 0 1 0 1 1
   0 1 0 1 1 1 0
   0 0 1 0 1 1 1];

G=[1 1 0 1 0 0 0 
   0 1 1 0 1 0 0 
   1 1 1 0 0 1 0
   1 0 1 0 0 0 1];

e0=[0 0 0 0 0 0 0];
e1=[1 0 0 0 0 0 0];
e2=[0 1 0 0 0 0 0];
e3=[0 0 1 0 0 0 0];
e4=[0 0 0 1 0 0 0];
e5=[0 0 0 0 1 0 0];
e6=[0 0 0 0 0 1 0];
e7=[0 0 0 0 0 0 1];

s0=[H*e0']';
s1=[H*e1']';
s2=[H*e2']';
s3=[H*e3']';
s4=[H*e4']';
s5=[H*e5']';
s6=[H*e6']';
s7=[H*e7']';

table=[s0;s1;s2;s3;s4;s5;s6;s7]